0 0 0 0 0 1 1 2 2 2 2 2 6 6 8 8 8 
1 2 0 6 2 0 0 2 0 6 8 8 8 2 2 1 0 
0 2 0 6 2 0 0 2 1 6 8 8 8 2 2 1 0 
0 2 0 6 2 0 0 1 1 6 8 8 8 2 2 2 0 
0 2 0 6 2 0 0 1 0 6 8 8 8 2 2 2 1 
0 0 0 6 2 2 0 1 0 6 8 8 8 2 2 2 1 
0 0 0 1 2 2 0 6 0 6 8 8 8 2 2 2 1 
0 0 0 1 0 2 0 6 2 6 8 8 8 2 2 2 1 
0 0 0 1 0 2 0 6 2 2 8 8 8 6 2 2 1 
0 0 0 1 0 2 0 6 2 2 2 8 8 6 8 2 1 
0 0 0 1 0 2 0 6 2 2 2 2 8 6 8 8 1 
0 0 0 1 0 2 0 2 2 2 2 6 8 6 8 8 1 
0 0 0 1 0 2 0 2 2 2 2 6 1 6 8 8 8 
0 0 0 1 0 2 0 2 1 2 2 6 2 6 8 8 8 
0 0 0 0 1 2 0 2 1 2 2 6 2 6 8 8 8 
0 0 0 0 1 0 2 2 1 2 2 6 2 6 8 8 8 
0 0 0 0 0 1 2 2 1 2 2 6 2 6 8 8 8 
0 0 0 0 0 1 2 1 2 2 2 6 2 6 8 8 8 
0 0 0 0 0 1 1 2 2 2 2 6 2 6 8 8 8 
0 0 0 0 0 1 1 2 2 2 2 2 6 6 8 8 8 
